[None, None, None]
[None, None, None]
[-0.30645781999999999, 1.532289, 10.879251999999999]
[-0.30645781999999999, 1.532289, 10.879251999999999]
[0, 1.532289, 9.0405049999999996]
[0.45968672999999999, 2.1452048000000001, 8.580819]
[0.76614450000000001, 2.4516624999999999, 7.9679029999999997]
[0.30645781999999999, 3.064578, 10.266336000000001]
[1.3790601, 2.2984334999999998, 9.0405049999999996]
[1.6855180000000001, 2.9113492999999999, 8.8872769999999992]
[1.6855180000000001, 2.9113492999999999, 8.8872769999999992]
[1.8387469000000001, 2.6048914999999999, 10.572794999999999]
[0.61291563999999998, 1.0726024000000001, 7.6614456000000004]
[-0.61291563999999998, 1.6855180000000001, 10.419566]
[0.91937345000000004, 2.7581202999999999, 9.1937339999999992]
[0.15322891, 1.2258313000000001, 12.411542000000001]
[1.532289, 1.3790601, 8.2743610000000007]
[-0.30645781999999999, 2.2984334999999998, 9.0405049999999996]
[0.45968672999999999, 3.6774938000000001, 9.9598790000000008]
[0.45968672999999999, 1.532289, 7.8146744000000004]
[0, 1.3790601, 9.8066499999999994]
[0.91937345000000004, 1.8387469000000001, 10.726024000000001]
[2.7581202999999999, 1.0726024000000001, 10.726024000000001]
[1.0726024000000001, 1.3790601, 12.717999000000001]
[1.0726024000000001, 0.76614450000000001, 8.580819]
[0.30645781999999999, 1.532289, 10.266336000000001]
[0.15322891, 2.1452048000000001, 9.6534209999999998]
[-0.45968672999999999, 1.532289, 10.113108]
[0.91937345000000004, 0.45968672999999999, 9.6534209999999998]
[-0.45968672999999999, 0.76614450000000001, 12.717999000000001]
[1.532289, 2.9113492999999999, 9.6534209999999998]
[0, 1.6855180000000001, 9.1937339999999992]
[10.419566, -0.61291563999999998, 9.0405049999999996]
[11.798626000000001, 3.5242648000000001, 5.5162405999999997]
[4.9033249999999997, 0.30645781999999999, 8.1211319999999994]
[5.3630120000000003, -1.2258313000000001, 10.419566]
[2.4516624999999999, 0.15322891, 10.266336000000001]
[1.8387469000000001, 0.30645781999999999, 8.4275900000000004]
[1.532289, -0.15322891, 10.113108]
[1.9919758000000001, 0.15322891, 9.5001929999999994]
[1.6855180000000001, 0.76614450000000001, 13.330914999999999]
[0.30645781999999999, 1.9919758000000001, 9.1937339999999992]
[3.3710360000000001, 1.9919758000000001, 8.7340479999999996]
[3.3710360000000001, 1.9919758000000001, 8.2743610000000007]
[-1.2258313000000001, 4.4436382999999999, 9.6534209999999998]
[-0.91937345000000004, 0.45968672999999999, 10.879251999999999]
[-2.4516624999999999, 0.76614450000000001, 10.266336000000001]
[-1.0726024000000001, 2.7581202999999999, 10.113108]
[0, 1.2258313000000001, 8.7340479999999996]
[-0.91937345000000004, 1.532289, 13.024457]
[2.7581202999999999, 1.532289, 8.1211319999999994]
[1.8387469000000001, 0.91937345000000004, 9.9598790000000008]
[0.91937345000000004, 3.064578, 9.0405049999999996]
[0.15322891, 2.6048914999999999, 10.879251999999999]
[-0.76614450000000001, 2.6048914999999999, 8.8872769999999992]
[-2.1452048000000001, 1.8387469000000001, 8.8872769999999992]
[-1.3790601, 1.8387469000000001, 10.419566]
[-0.76614450000000001, 1.2258313000000001, 11.18571]
[0.45968672999999999, 0.45968672999999999, 10.113108]
[1.2258313000000001, 1.532289, 9.5001929999999994]
[1.6855180000000001, 1.2258313000000001, 10.266336000000001]
[2.2984334999999998, 1.3790601, 9.5001929999999994]
[2.6048914999999999, 1.532289, 8.7340479999999996]
[1.3790601, 2.1452048000000001, 11.951855]
[2.6048914999999999, 1.9919758000000001, 9.8066499999999994]
[1.9919758000000001, 1.2258313000000001, 9.8066499999999994]
[1.532289, 1.532289, 10.726024000000001]
[1.532289, 1.6855180000000001, 10.879251999999999]
[1.8387469000000001, 1.0726024000000001, 7.9679029999999997]
[-0.15322891, 2.4516624999999999, 8.8872769999999992]
[-0.61291563999999998, 3.3710360000000001, 9.3469639999999998]
[0.45968672999999999, 2.1452048000000001, 10.419566]
[1.8387469000000001, 1.532289, 10.266336000000001]
[2.9113492999999999, 0.45968672999999999, 9.5001929999999994]
[3.064578, -0.30645781999999999, 10.113108]
[2.2984334999999998, 1.532289, 8.7340479999999996]
[1.532289, 1.532289, 11.032481000000001]
[0.61291563999999998, 1.8387469000000001, 10.266336000000001]
[-0.76614450000000001, 0.91937345000000004, 8.8872769999999992]
[-1.3790601, 1.2258313000000001, 9.0405049999999996]
[1.3790601, 2.4516624999999999, 11.338939999999999]
[0.91937345000000004, 0.91937345000000004, 8.580819]
[1.3790601, 0.30645781999999999, 9.8066499999999994]
[1.3790601, 1.0726024000000001, 8.580819]
[1.9919758000000001, 1.3790601, 12.105083]
[0.91937345000000004, 0.45968672999999999, 11.338939999999999]
[0.15322891, 2.1452048000000001, 8.7340479999999996]
[-0.91937345000000004, 1.0726024000000001, 9.5001929999999994]
[0.76614450000000001, 1.532289, 9.3469639999999998]
[2.4516624999999999, 2.1452048000000001, 11.338939999999999]
[2.2984334999999998, 2.2984334999999998, 7.5082164000000002]
[0.91937345000000004, 0.76614450000000001, 9.3469639999999998]
[-0.15322891, 1.9919758000000001, 9.9598790000000008]
[1.532289, 2.9113492999999999, 11.338939999999999]
[0.91937345000000004, 1.0726024000000001, 8.4275900000000004]
[0.61291563999999998, 1.2258313000000001, 9.5001929999999994]
[1.0726024000000001, 2.6048914999999999, 9.0405049999999996]
[1.2258313000000001, 2.1452048000000001, 11.032481000000001]
[1.9919758000000001, 1.8387469000000001, 10.572794999999999]
[1.8387469000000001, 1.9919758000000001, 11.18571]
