[None, None, None]
[None, None, None]
[None, None, None]
[None, None, None]
[1.8387469000000001, 4.1371802999999998, 9.1937339999999992]
[1.8387469000000001, 3.9839516000000001, 9.0405049999999996]
[1.8387469000000001, 3.9839516000000001, 9.3469639999999998]
[1.6855180000000001, 3.9839516000000001, 9.0405049999999996]
[1.8387469000000001, 3.9839516000000001, 9.6534209999999998]
[1.6855180000000001, 3.8307228000000002, 9.1937339999999992]
[1.6855180000000001, 3.8307228000000002, 9.0405049999999996]
[1.8387469000000001, 3.9839516000000001, 9.1937339999999992]
[1.6855180000000001, 3.8307228000000002, 9.0405049999999996]
[1.9919758000000001, 3.9839516000000001, 9.1937339999999992]
[1.6855180000000001, 3.8307228000000002, 9.0405049999999996]
[1.8387469000000001, 4.1371802999999998, 9.0405049999999996]
[1.8387469000000001, 3.9839516000000001, 9.1937339999999992]
[1.8387469000000001, 3.9839516000000001, 9.1937339999999992]
[1.6855180000000001, 3.9839516000000001, 9.1937339999999992]
[1.8387469000000001, 4.2904096000000003, 9.6534209999999998]
[1.8387469000000001, 3.8307228000000002, 9.1937339999999992]
[1.8387469000000001, 3.8307228000000002, 9.3469639999999998]
[0.45968672999999999, 2.9113492999999999, 9.6534209999999998]
[0.15322891, 3.3710360000000001, 9.6534209999999998]
[0, 3.8307228000000002, 9.3469639999999998]
[0, 3.6774938000000001, 9.5001929999999994]
[0.15322891, 3.8307228000000002, 9.3469639999999998]
[0, 3.8307228000000002, 9.3469639999999998]
[0, 3.8307228000000002, 9.1937339999999992]
[0, 3.8307228000000002, 9.5001929999999994]
[0, 3.6774938000000001, 9.3469639999999998]
[0.15322891, 3.8307228000000002, 9.0405049999999996]
[0, 3.6774938000000001, 9.5001929999999994]
[0.15322891, 3.6774938000000001, 9.5001929999999994]
[0.15322891, 3.8307228000000002, 9.3469639999999998]
[0.30645781999999999, 3.5242648000000001, 9.5001929999999994]
[0.45968672999999999, 3.3710360000000001, 9.5001929999999994]
[0.76614450000000001, 3.5242648000000001, 9.6534209999999998]
[0.45968672999999999, 3.6774938000000001, 9.3469639999999998]
[0.91937345000000004, 3.8307228000000002, 9.5001929999999994]
[1.6855180000000001, 3.6774938000000001, 9.1937339999999992]
[1.9919758000000001, 3.9839516000000001, 9.1937339999999992]
[1.8387469000000001, 3.9839516000000001, 9.1937339999999992]
[1.2258313000000001, 3.5242648000000001, 9.5001929999999994]
[1.0726024000000001, 3.3710360000000001, 9.5001929999999994]
[1.2258313000000001, 3.3710360000000001, 9.5001929999999994]
[1.0726024000000001, 3.3710360000000001, 9.3469639999999998]
[1.2258313000000001, 3.3710360000000001, 9.5001929999999994]
[2.1452048000000001, 3.8307228000000002, 9.1937339999999992]
[1.9919758000000001, 3.8307228000000002, 9.0405049999999996]
[1.9919758000000001, 3.9839516000000001, 9.1937339999999992]
[2.1452048000000001, 3.8307228000000002, 9.1937339999999992]
[2.1452048000000001, 3.9839516000000001, 9.1937339999999992]
[2.1452048000000001, 3.9839516000000001, 9.0405049999999996]
[1.9919758000000001, 3.8307228000000002, 9.0405049999999996]
[2.1452048000000001, 3.9839516000000001, 9.1937339999999992]
[2.2984334999999998, 4.1371802999999998, 8.4275900000000004]
[2.1452048000000001, 4.1371802999999998, 8.8872769999999992]
[2.1452048000000001, 4.1371802999999998, 9.0405049999999996]
[2.2984334999999998, 4.1371802999999998, 9.0405049999999996]
[1.9919758000000001, 4.1371802999999998, 9.0405049999999996]
[1.9919758000000001, 3.9839516000000001, 9.0405049999999996]
[2.1452048000000001, 3.9839516000000001, 9.1937339999999992]
[2.6048914999999999, 4.4436382999999999, 8.2743610000000007]
[-0.61291563999999998, 3.2178070000000001, 8.4275900000000004]
[-0.76614450000000001, 3.5242648000000001, 9.5001929999999994]
[-0.76614450000000001, 3.6774938000000001, 9.5001929999999994]
[-0.91937345000000004, 4.1371802999999998, 9.0405049999999996]
[-0.30645781999999999, 3.5242648000000001, 9.0405049999999996]
[0, 3.6774938000000001, 9.3469639999999998]
[0.15322891, 3.5242648000000001, 9.5001929999999994]
[0.15322891, 3.5242648000000001, 9.5001929999999994]
[0.30645781999999999, 3.3710360000000001, 9.5001929999999994]
[0.15322891, 3.5242648000000001, 9.5001929999999994]
[0.30645781999999999, 3.5242648000000001, 9.3469639999999998]
[0.30645781999999999, 3.5242648000000001, 9.3469639999999998]
[0.30645781999999999, 3.5242648000000001, 9.3469639999999998]
[0.30645781999999999, 3.5242648000000001, 9.5001929999999994]
[0.30645781999999999, 3.6774938000000001, 9.3469639999999998]
[0.45968672999999999, 3.6774938000000001, 9.3469639999999998]
[0.45968672999999999, 3.5242648000000001, 9.1937339999999992]
[0.45968672999999999, 3.8307228000000002, 9.5001929999999994]
[0.61291563999999998, 3.9839516000000001, 9.9598790000000008]
[0.45968672999999999, 3.8307228000000002, 9.5001929999999994]
[0.61291563999999998, 3.9839516000000001, 9.8066499999999994]
[0.45968672999999999, 3.9839516000000001, 9.5001929999999994]
[0.30645781999999999, 3.9839516000000001, 9.3469639999999998]
[0.30645781999999999, 3.9839516000000001, 9.1937339999999992]
[-0.30645781999999999, 4.2904096000000003, 8.8872769999999992]
[0, 4.1371802999999998, 8.7340479999999996]
[0, 4.2904096000000003, 9.6534209999999998]
[-0.15322891, 3.8307228000000002, 9.1937339999999992]
[0, 4.1371802999999998, 9.1937339999999992]
[0, 4.1371802999999998, 9.1937339999999992]
[0.15322891, 3.8307228000000002, 9.5001929999999994]
[0, 3.8307228000000002, 9.1937339999999992]
[-0.15322891, 3.8307228000000002, 9.1937339999999992]
[0.15322891, 3.8307228000000002, 9.1937339999999992]
[0.15322891, 3.6774938000000001, 9.5001929999999994]
[-0.15322891, 3.6774938000000001, 9.3469639999999998]
