[None, None, None]
[None, None, None]
[1.8387469000000001, 3.5242648000000001, 9.5001929999999994]
[1.8387469000000001, 3.5242648000000001, 9.1937339999999992]
[1.8387469000000001, 3.5242648000000001, 9.3469639999999998]
[1.8387469000000001, 3.5242648000000001, 9.5001929999999994]
[1.8387469000000001, 3.5242648000000001, 9.3469639999999998]
[1.8387469000000001, 3.5242648000000001, 9.3469639999999998]
[1.8387469000000001, 3.5242648000000001, 9.3469639999999998]
[1.9919758000000001, 3.5242648000000001, 9.3469639999999998]
[1.8387469000000001, 3.5242648000000001, 9.3469639999999998]
[2.1452048000000001, 3.5242648000000001, 8.7340479999999996]
[1.9919758000000001, 3.5242648000000001, 9.0405049999999996]
[1.9919758000000001, 3.5242648000000001, 9.3469639999999998]
[1.9919758000000001, 3.3710360000000001, 9.3469639999999998]
[1.9919758000000001, 3.3710360000000001, 9.3469639999999998]
[2.2984334999999998, 3.8307228000000002, 9.3469639999999998]
[1.9919758000000001, 3.5242648000000001, 9.3469639999999998]
[1.9919758000000001, 3.5242648000000001, 9.3469639999999998]
[1.8387469000000001, 3.5242648000000001, 9.3469639999999998]
[2.2984334999999998, 3.8307228000000002, 9.8066499999999994]
[-1.0726024000000001, 4.4436382999999999, 7.201759]
[-1.0726024000000001, 2.9113492999999999, 9.5001929999999994]
[-1.3790601, 3.9839516000000001, 9.1937339999999992]
[-1.532289, 3.5242648000000001, 9.3469639999999998]
[-1.8387469000000001, 3.5242648000000001, 9.6534209999999998]
[-2.2984334999999998, 3.5242648000000001, 8.7340479999999996]
[-1.9919758000000001, 4.5968669999999996, 7.6614456000000004]
[-1.9919758000000001, 3.5242648000000001, 9.5001929999999994]
[-1.8387469000000001, 3.6774938000000001, 9.6534209999999998]
[-1.6855180000000001, 3.5242648000000001, 9.5001929999999994]
[-1.8387469000000001, 3.8307228000000002, 8.8872769999999992]
[-2.2984334999999998, 3.9839516000000001, 8.2743610000000007]
[-1.8387469000000001, 3.6774938000000001, 9.8066499999999994]
[-1.8387469000000001, 3.9839516000000001, 9.0405049999999996]
[-1.8387469000000001, 3.9839516000000001, 8.8872769999999992]
[-1.8387469000000001, 4.1371802999999998, 8.580819]
[-1.8387469000000001, 3.8307228000000002, 8.7340479999999996]
[-1.6855180000000001, 3.8307228000000002, 8.8872769999999992]
[-1.6855180000000001, 3.8307228000000002, 8.7340479999999996]
[-1.8387469000000001, 3.8307228000000002, 8.7340479999999996]
[-1.6855180000000001, 3.8307228000000002, 9.0405049999999996]
[-1.6855180000000001, 3.8307228000000002, 9.0405049999999996]
[-1.6855180000000001, 3.8307228000000002, 9.0405049999999996]
[-1.6855180000000001, 3.8307228000000002, 9.1937339999999992]
[-1.6855180000000001, 3.6774938000000001, 9.0405049999999996]
[-1.532289, 3.3710360000000001, 9.8066499999999994]
[-2.2984334999999998, 4.4436382999999999, 7.6614456000000004]
[-1.532289, 4.1371802999999998, 9.1937339999999992]
[-1.6855180000000001, 3.9839516000000001, 9.0405049999999996]
[-1.6855180000000001, 3.8307228000000002, 8.8872769999999992]
[-1.8387469000000001, 3.8307228000000002, 9.1937339999999992]
[-1.3790601, 3.6774938000000001, 9.6534209999999998]
[-1.3790601, 3.3710360000000001, 8.8872769999999992]
[-1.3790601, 3.9839516000000001, 8.1211319999999994]
[0.30645781999999999, 0.76614450000000001, 10.726024000000001]
[1.3790601, 2.6048914999999999, 11.032481000000001]
[0, 4.5968669999999996, 9.0405049999999996]
[-0.76614450000000001, 4.2904096000000003, 8.7340479999999996]
[-1.0726024000000001, 4.4436382999999999, 8.580819]
[-0.45968672999999999, 5.2097829999999998, 8.4275900000000004]
[-0.76614450000000001, 5.0565540000000002, 8.580819]
[-0.76614450000000001, 5.0565540000000002, 8.2743610000000007]
[-0.76614450000000001, 5.0565540000000002, 8.580819]
[-0.76614450000000001, 5.0565540000000002, 8.7340479999999996]
[-0.76614450000000001, 5.0565540000000002, 8.580819]
[-0.76614450000000001, 4.9033249999999997, 8.7340479999999996]
[-0.76614450000000001, 4.9033249999999997, 8.580819]
[-0.76614450000000001, 5.0565540000000002, 8.2743610000000007]
[-0.45968672999999999, 4.2904096000000003, 8.8872769999999992]
[-0.15322891, 3.8307228000000002, 9.3469639999999998]
[-0.15322891, 3.5242648000000001, 9.3469639999999998]
[-0.15322891, 3.6774938000000001, 9.6534209999999998]
[-0.15322891, 3.5242648000000001, 9.5001929999999994]
[0, 2.6048914999999999, 9.6534209999999998]
[0, 2.4516624999999999, 9.3469639999999998]
[0, 2.6048914999999999, 9.5001929999999994]
[0.30645781999999999, 2.6048914999999999, 9.9598790000000008]
[0.30645781999999999, 2.4516624999999999, 9.8066499999999994]
[0.30645781999999999, 2.6048914999999999, 9.8066499999999994]
[0.15322891, 2.6048914999999999, 9.6534209999999998]
[0.15322891, 2.7581202999999999, 9.5001929999999994]
[0.15322891, 2.7581202999999999, 9.6534209999999998]
[0.15322891, 2.7581202999999999, 9.6534209999999998]
[0.30645781999999999, 2.9113492999999999, 9.6534209999999998]
[0.15322891, 2.7581202999999999, 9.6534209999999998]
[0.15322891, 2.7581202999999999, 9.8066499999999994]
[0.30645781999999999, 2.7581202999999999, 9.3469639999999998]
[0, 2.7581202999999999, 9.3469639999999998]
[0.30645781999999999, 2.9113492999999999, 9.8066499999999994]
[0.30645781999999999, 2.9113492999999999, 9.8066499999999994]
[0.30645781999999999, 2.9113492999999999, 9.5001929999999994]
[0.15322891, 2.9113492999999999, 9.3469639999999998]
[0.30645781999999999, 3.064578, 9.6534209999999998]
[0.45968672999999999, 3.064578, 9.5001929999999994]
[0, 3.2178070000000001, 9.8066499999999994]
[0, 3.5242648000000001, 9.3469639999999998]
[-0.30645781999999999, 3.8307228000000002, 9.5001929999999994]
[0, 3.3710360000000001, 9.6534209999999998]
[0, 3.064578, 9.5001929999999994]
