[None, None, None]
[None, None, None]
[None, None, None]
[-3.064578, 4.2904096000000003, -7.6614456000000004]
[-2.9113492999999999, 4.7500963, -7.3549876000000003]
[-2.9113492999999999, 4.7500963, -7.3549876000000003]
[-2.9113492999999999, 4.2904096000000003, -7.5082164000000002]
[-3.064578, 5.0565540000000002, -7.201759]
[-3.064578, 5.0565540000000002, -7.201759]
[-3.3710360000000001, 5.2097829999999998, -7.3549876000000003]
[-2.9113492999999999, 4.9033249999999997, -7.5082164000000002]
[-3.5242648000000001, 5.8226985999999998, -6.7420720000000003]
[-3.5242648000000001, 5.8226985999999998, -6.7420720000000003]
[-3.9839516000000001, 5.8226985999999998, -6.5888429999999998]
[-3.3710360000000001, 5.3630120000000003, -6.7420720000000003]
[-3.6774938000000001, 5.5162405999999997, -6.5888429999999998]
[-3.5242648000000001, 5.6694699999999996, -6.5888429999999998]
[-3.6774938000000001, 5.6694699999999996, -6.5888429999999998]
[-3.3710360000000001, 5.8226985999999998, -6.4356140000000002]
[-3.5242648000000001, 5.6694699999999996, -6.4356140000000002]
[-3.8307228000000002, 5.6694699999999996, -6.8953009999999999]
[-3.5242648000000001, 5.6694699999999996, -6.4356140000000002]
[-3.3710360000000001, 5.6694699999999996, -6.4356140000000002]
[-3.5242648000000001, 5.6694699999999996, -6.4356140000000002]
[-3.5242648000000001, 5.8226985999999998, -6.4356140000000002]
[-3.5242648000000001, 5.8226985999999998, -6.4356140000000002]
[-3.5242648000000001, 5.5162405999999997, -6.5888429999999998]
[-2.6048914999999999, 6.5888429999999998, -4.5968669999999996]
[-2.4516624999999999, 3.5242648000000001, -9.3469639999999998]
[-2.9113492999999999, 3.9839516000000001, -8.1211319999999994]
[-2.9113492999999999, 2.9113492999999999, -8.2743610000000007]
[-2.2984334999999998, 3.2178070000000001, -8.2743610000000007]
[-2.2984334999999998, 3.064578, -7.9679029999999997]
[-3.2178070000000001, 2.4516624999999999, -8.2743610000000007]
[-6.2823852999999996, -0.45968672999999999, 0.91937345000000004]
[-12.411542000000001, 16.089034999999999, -0.30645781999999999]
[-7.9679029999999997, 5.2097829999999998, 2.6048914999999999]
[-6.8953009999999999, 3.8307228000000002, 1.9919758000000001]
[-6.4356140000000002, 3.9839516000000001, 2.6048914999999999]
[-13.484144000000001, -3.3710360000000001, 4.7500963]
[-11.798626000000001, -3.5242648000000001, 6.129156]
[-4.4436382999999999, 0.76614450000000001, -3.9839516000000001]
[0.30645781999999999, 1.532289, -8.8872769999999992]
[-0.91937345000000004, 1.2258313000000001, -9.3469639999999998]
[-1.8387469000000001, 1.0726024000000001, -8.8872769999999992]
[-3.6774938000000001, 0.61291563999999998, -9.0405049999999996]
[-3.8307228000000002, 0.76614450000000001, -8.2743610000000007]
[-1.8387469000000001, 1.6855180000000001, -7.3549876000000003]
[0.76614450000000001, 2.6048914999999999, -10.879251999999999]
[2.2984334999999998, 3.2178070000000001, -9.9598790000000008]
[0.91937345000000004, 2.1452048000000001, -9.5001929999999994]
[-1.8387469000000001, 1.532289, -6.4356140000000002]
[-6.8953009999999999, 7.201759, 2.4516624999999999]
[-2.7581202999999999, 7.0485296000000002, 7.3549876000000003]
[0.91937345000000004, 6.8953009999999999, 11.951855]
[4.1371802999999998, 3.5242648000000001, 5.9759273999999998]
[-0.30645781999999999, 0.45968672999999999, 9.8066499999999994]
[1.2258313000000001, -0.91937345000000004, 10.419566]
[0.91937345000000004, -2.2984334999999998, 10.726024000000001]
[0.61291563999999998, 0, 10.113108]
[0.45968672999999999, 0.15322891, 10.266336000000001]
[0.45968672999999999, 0, 10.113108]
[0.61291563999999998, 0, 10.113108]
[0.61291563999999998, 0, 10.266336000000001]
[0.45968672999999999, 0.15322891, 10.266336000000001]
[0.61291563999999998, 0, 10.266336000000001]
[0.45968672999999999, 0, 10.266336000000001]
[0.45968672999999999, 0, 10.266336000000001]
[0.61291563999999998, 0, 10.113108]
[0.61291563999999998, 0, 10.113108]
[0.45968672999999999, 0, 10.266336000000001]
[0.61291563999999998, 0, 10.266336000000001]
[0.61291563999999998, -0.15322891, 10.572794999999999]
[0.61291563999999998, 0.15322891, 10.266336000000001]
[0.45968672999999999, 0, 10.113108]
[0.61291563999999998, 0, 10.113108]
[0.45968672999999999, 0, 10.266336000000001]
[0.45968672999999999, 0, 10.266336000000001]
[0.61291563999999998, 0.15322891, 10.266336000000001]
[0.45968672999999999, 0.15322891, 9.8066499999999994]
[0.61291563999999998, 0, 10.113108]
[0.61291563999999998, 0, 10.266336000000001]
[0.61291563999999998, 0.15322891, 10.113108]
[0.61291563999999998, 0, 10.266336000000001]
[0.45968672999999999, 0, 10.113108]
[0.45968672999999999, 0, 10.113108]
[0.45968672999999999, 0, 10.266336000000001]
[0.45968672999999999, 0, 10.113108]
[0.45968672999999999, 0.15322891, 10.266336000000001]
[0.45968672999999999, 0.15322891, 10.113108]
[0.61291563999999998, 0.15322891, 10.266336000000001]
[0.61291563999999998, 0, 10.113108]
[0.45968672999999999, 0, 10.266336000000001]
[0.61291563999999998, 0, 10.113108]
[0.45968672999999999, 0.15322891, 10.266336000000001]
[0.61291563999999998, 0.15322891, 10.113108]
[0.61291563999999998, 0, 10.266336000000001]
[0.76614450000000001, 0.15322891, 10.726024000000001]
[0.45968672999999999, 0, 10.266336000000001]
[0.45968672999999999, 0, 10.113108]
