[None, None, None]
[None, None, None]
[None, None, None]
[None, None, None]
[None, None, None]
[None, None, None]
[None, None, None]
[0.61291563999999998, 0.15322891, 10.113108]
[0.61291563999999998, 0.15322891, 10.113108]
[0.61291563999999998, 0.15322891, 10.113108]
[0.61291563999999998, 0.15322891, 10.113108]
[0.61291563999999998, 0.15322891, 10.266336000000001]
[0.61291563999999998, 0.15322891, 10.266336000000001]
[0.61291563999999998, 0.15322891, 10.266336000000001]
[0.61291563999999998, 0.15322891, 10.113108]
[0.61291563999999998, 0.15322891, 10.113108]
[0.61291563999999998, 0.15322891, 10.113108]
[0.61291563999999998, 0, 10.113108]
[0.45968672999999999, 0.15322891, 10.113108]
[0.61291563999999998, 0.15322891, 10.113108]
[0.61291563999999998, 0.15322891, 10.266336000000001]
[0.45968672999999999, 0.15322891, 9.9598790000000008]
[0.61291563999999998, 0.15322891, 10.266336000000001]
[0.61291563999999998, 0.15322891, 10.113108]
[0.61291563999999998, 0.15322891, 10.113108]
[0.61291563999999998, 0.15322891, 10.113108]
[0.61291563999999998, 0.15322891, 10.113108]
[0.61291563999999998, 0.15322891, 10.113108]
[0.61291563999999998, 0, 10.113108]
[0.61291563999999998, 0.15322891, 10.113108]
[0.61291563999999998, 0.15322891, 10.266336000000001]
[0.61291563999999998, 0.45968672999999999, 10.266336000000001]
[0.45968672999999999, 0.15322891, 10.113108]
[0.76614450000000001, 0, 10.419566]
[0.61291563999999998, 0.15322891, 10.113108]
[0.61291563999999998, 0, 10.113108]
[0.61291563999999998, 0.15322891, 10.113108]
[0.61291563999999998, 0.15322891, 10.113108]
[0.61291563999999998, 0, 10.266336000000001]
[0.61291563999999998, 0.15322891, 10.113108]
[0.76614450000000001, 0, 10.572794999999999]
[0.45968672999999999, 0.15322891, 10.113108]
[0.61291563999999998, 0.15322891, 10.266336000000001]
[0.61291563999999998, 0.15322891, 10.266336000000001]
[0.61291563999999998, 0.15322891, 10.266336000000001]
[0.45968672999999999, 0.15322891, 10.113108]
[0.61291563999999998, 0.15322891, 10.113108]
[0.61291563999999998, 0.15322891, 10.113108]
[0.61291563999999998, 0.15322891, 10.266336000000001]
[0.61291563999999998, 0.15322891, 10.113108]
[0.61291563999999998, 0.15322891, 10.266336000000001]
[0.61291563999999998, 0.15322891, 10.266336000000001]
[0.61291563999999998, 0.15322891, 10.113108]
[0.61291563999999998, 0.15322891, 10.113108]
[0.61291563999999998, 0.15322891, 10.113108]
[0.61291563999999998, 0, 10.113108]
[0.61291563999999998, 0.15322891, 10.266336000000001]
[0.76614450000000001, 0, 11.032481000000001]
[0.61291563999999998, 0.15322891, 10.113108]
[0.61291563999999998, 0.15322891, 10.113108]
[0.61291563999999998, 0.15322891, 10.113108]
[0.45968672999999999, 0, 10.266336000000001]
[0.61291563999999998, 0, 10.113108]
[0.45968672999999999, 0.15322891, 10.113108]
[0.61291563999999998, 0.15322891, 10.113108]
[0.61291563999999998, 0.15322891, 10.113108]
[0.61291563999999998, 0.15322891, 10.113108]
[0.61291563999999998, 0.15322891, 10.113108]
[0.61291563999999998, 0.15322891, 10.113108]
[0.61291563999999998, 0.15322891, 10.113108]
[0.45968672999999999, 0.15322891, 9.9598790000000008]
[0.61291563999999998, 0.15322891, 10.113108]
[0.61291563999999998, 0.15322891, 10.266336000000001]
[0.61291563999999998, 0.15322891, 10.113108]
[0.61291563999999998, 0.15322891, 10.113108]
[0.61291563999999998, 0.15322891, 10.113108]
[0.61291563999999998, 0.15322891, 10.113108]
[0.61291563999999998, 0.15322891, 10.113108]
[0.61291563999999998, 0.15322891, 10.113108]
[0.61291563999999998, 0, 10.113108]
[0.61291563999999998, 0.15322891, 10.113108]
[0.45968672999999999, 0.15322891, 10.266336000000001]
[0.61291563999999998, 0.15322891, 10.266336000000001]
[0.30645781999999999, 0.15322891, 9.6534209999999998]
[0.61291563999999998, 0.15322891, 10.113108]
[0.61291563999999998, 0.15322891, 10.266336000000001]
[0.61291563999999998, 0, 10.113108]
[0.45968672999999999, 0.15322891, 10.113108]
[0.61291563999999998, 0.15322891, 10.113108]
[0.61291563999999998, 0.15322891, 10.113108]
[0.61291563999999998, 0, 10.113108]
[0.30645781999999999, 0, 9.6534209999999998]
[0.61291563999999998, 0.15322891, 10.113108]
[0.61291563999999998, 0.15322891, 10.266336000000001]
[0.61291563999999998, 0.15322891, 10.419566]
[0.61291563999999998, 0, 10.266336000000001]
[0.45968672999999999, 0.15322891, 10.113108]
[0.61291563999999998, 0.15322891, 10.113108]
[0.45968672999999999, 0.15322891, 10.113108]
[0.61291563999999998, 0.15322891, 10.266336000000001]
