[None, None, None]
[None, None, None]
[None, None, None]
[None, None, None]
[None, None, None]
[None, None, None]
[None, None, None]
[0.61291563999999998, 0.15322891, 10.113108]
[0.61291563999999998, 0, 10.113108]
[0.61291563999999998, 0, 10.113108]
[0.45968672999999999, 0, 10.113108]
[0.61291563999999998, 0, 10.113108]
[0.61291563999999998, 0, 10.113108]
[0.45968672999999999, 0, 10.113108]
[0.61291563999999998, 0, 10.266336000000001]
[0.61291563999999998, 0, 10.113108]
[0.61291563999999998, 0, 10.266336000000001]
[0.61291563999999998, 0, 10.113108]
[0.61291563999999998, 0, 10.266336000000001]
[0.61291563999999998, 0.15322891, 10.266336000000001]
[0.61291563999999998, 0, 10.266336000000001]
[0.61291563999999998, 0, 10.113108]
[0.61291563999999998, 0, 10.113108]
[0.45968672999999999, 0, 10.113108]
[0.61291563999999998, 0, 10.113108]
[0.61291563999999998, 0, 10.113108]
[0.45968672999999999, 0.15322891, 10.113108]
[0.61291563999999998, 0, 10.113108]
[0.45968672999999999, 0, 10.113108]
[0.45968672999999999, 0, 10.113108]
[0.61291563999999998, 0, 10.113108]
[0.61291563999999998, 0, 10.113108]
[0.61291563999999998, 0, 10.266336000000001]
[0.45968672999999999, 0, 10.113108]
[0.45968672999999999, 0.15322891, 10.113108]
[0.61291563999999998, 0, 10.113108]
[0.61291563999999998, 0, 10.113108]
[0.61291563999999998, 0.15322891, 10.113108]
[0.61291563999999998, 0, 10.266336000000001]
[0.45968672999999999, 0, 10.113108]
[0.45968672999999999, 0, 10.113108]
[0.45968672999999999, 0, 10.113108]
[0.45968672999999999, 0, 10.113108]
[0.45968672999999999, 0, 10.113108]
[0.45968672999999999, 0, 10.266336000000001]
[0.61291563999999998, 0, 10.113108]
[0.61291563999999998, 0, 10.113108]
[0.61291563999999998, 0, 10.113108]
[0.61291563999999998, 0, 10.113108]
[0.61291563999999998, 0, 10.113108]
[0.61291563999999998, 0.15322891, 10.266336000000001]
[0.45968672999999999, 0, 10.266336000000001]
[0.61291563999999998, 0, 10.266336000000001]
[0.61291563999999998, 0, 10.113108]
[0.45968672999999999, 0, 10.113108]
[0.45968672999999999, 0, 10.266336000000001]
[0.45968672999999999, 0, 10.113108]
[0.61291563999999998, 0, 10.266336000000001]
[0.61291563999999998, 0, 10.113108]
[0.45968672999999999, 0, 10.113108]
[0.61291563999999998, 0, 10.266336000000001]
[0.61291563999999998, 0, 10.266336000000001]
[0.45968672999999999, 0, 10.266336000000001]
[0.61291563999999998, 0, 10.113108]
[0.45968672999999999, 0, 10.266336000000001]
[0.61291563999999998, 0, 10.113108]
[0.61291563999999998, 0, 10.113108]
[0.61291563999999998, 0, 10.113108]
[0.61291563999999998, 0, 10.113108]
[0.45968672999999999, 0, 10.113108]
[0.61291563999999998, 0, 10.266336000000001]
[0.61291563999999998, 0, 10.113108]
[0.61291563999999998, 0, 10.266336000000001]
[0.61291563999999998, 0, 10.266336000000001]
[0.61291563999999998, 0, 10.113108]
[0.45968672999999999, 0, 10.113108]
[0.45968672999999999, 0, 10.113108]
[0.61291563999999998, 0, 10.266336000000001]
[0.61291563999999998, 0, 10.113108]
[0.61291563999999998, 0, 10.266336000000001]
[0.61291563999999998, 0, 10.113108]
[0.61291563999999998, 0, 10.113108]
[0.45968672999999999, 0, 10.113108]
[0.61291563999999998, 0, 10.113108]
[0.61291563999999998, 0, 10.113108]
[0.45968672999999999, 0, 10.113108]
[0.61291563999999998, 0, 10.113108]
[0.61291563999999998, 0, 10.266336000000001]
[0.45968672999999999, 0, 10.266336000000001]
[0.61291563999999998, 0.15322891, 10.266336000000001]
[0.45968672999999999, 0, 10.266336000000001]
[0.61291563999999998, 0, 10.113108]
[0.61291563999999998, 0, 10.113108]
[0.61291563999999998, 0, 10.113108]
[0.61291563999999998, 0, 10.113108]
[0.45968672999999999, 0, 10.113108]
[0.45968672999999999, 0, 10.113108]
[0.61291563999999998, 0, 10.113108]
[0.61291563999999998, 0, 10.113108]
[0.61291563999999998, 0.15322891, 10.113108]
