[0.61291563999999998, 0, 10.113108]
[0.45968672999999999, 0, 10.113108]
[0.45968672999999999, 0, 10.113108]
[0.61291563999999998, 0, 10.113108]
[0.61291563999999998, 0, 10.113108]
[0.45968672999999999, 0, 10.113108]
[0.45968672999999999, 0, 10.113108]
[0.45968672999999999, 0, 10.113108]
[0.45968672999999999, 0, 10.113108]
[0.61291563999999998, 0, 10.113108]
[0.61291563999999998, 0, 10.113108]
[0.61291563999999998, 0, 10.266336000000001]
[0.61291563999999998, 0, 10.266336000000001]
[0.61291563999999998, 0.30645781999999999, 10.113108]
[0.61291563999999998, 0.30645781999999999, 10.266336000000001]
[0.61291563999999998, 0, 10.113108]
[0.61291563999999998, 0, 10.113108]
[0.61291563999999998, -0.30645781999999999, 10.113108]
[0.61291563999999998, 0.15322891, 10.266336000000001]
[0.61291563999999998, 0, 10.113108]
[0.61291563999999998, 0.15322891, 10.113108]
[0.61291563999999998, 0.15322891, 10.113108]
[0.61291563999999998, 0.15322891, 10.266336000000001]
[0.61291563999999998, 0, 10.113108]
[0.61291563999999998, 0, 10.113108]
[0.61291563999999998, 0, 10.113108]
[0.61291563999999998, 0, 10.266336000000001]
[0.61291563999999998, 0, 10.113108]
[0.61291563999999998, 0.15322891, 10.113108]
[0.61291563999999998, 0.15322891, 10.113108]
[0.61291563999999998, 0.15322891, 10.113108]
[0.61291563999999998, 0.15322891, 10.113108]
[0.61291563999999998, 0, 10.113108]
[0.61291563999999998, 0, 10.113108]
[0.61291563999999998, 0.15322891, 10.113108]
[0.61291563999999998, 0.15322891, 10.113108]
[0.61291563999999998, 0.15322891, 10.266336000000001]
[0.76614450000000001, 0.15322891, 10.113108]
[0.61291563999999998, 0.15322891, 10.113108]
[0.61291563999999998, 0, 10.113108]
[0.61291563999999998, 0, 10.113108]
[0.61291563999999998, 0, 10.266336000000001]
[0.61291563999999998, 0, 10.113108]
[0.61291563999999998, 0.15322891, 10.113108]
[0.61291563999999998, 0.15322891, 10.266336000000001]
[0.61291563999999998, 0.15322891, 10.266336000000001]
[0.61291563999999998, 0.15322891, 10.266336000000001]
[0.61291563999999998, 0.15322891, 10.113108]
[0.61291563999999998, 0, 10.266336000000001]
[0.61291563999999998, 0, 10.113108]
[0.61291563999999998, 0.15322891, 10.113108]
[0.61291563999999998, 0.15322891, 10.113108]
[0.61291563999999998, 0, 10.266336000000001]
[0.61291563999999998, 0, 10.113108]
[0.61291563999999998, 0, 10.266336000000001]
[0.61291563999999998, 0.15322891, 10.113108]
[0.61291563999999998, 0.15322891, 10.266336000000001]
[0.61291563999999998, 0.15322891, 10.113108]
[0.61291563999999998, 0.15322891, 10.113108]
[0.61291563999999998, 0, 10.113108]
[0.61291563999999998, 0.15322891, 10.113108]
[0.61291563999999998, 0, 10.266336000000001]
[0.61291563999999998, 0, 10.266336000000001]
[0.61291563999999998, 0, 10.266336000000001]
[0.61291563999999998, 0, 10.113108]
[0.61291563999999998, 0.15322891, 10.113108]
[0.61291563999999998, 0.15322891, 10.113108]
[0.61291563999999998, 0, 10.113108]
[0.61291563999999998, 0, 10.113108]
[0.61291563999999998, 0.15322891, 10.266336000000001]
[0.61291563999999998, 0.15322891, 10.113108]
[0.61291563999999998, 0.15322891, 10.113108]
[0.61291563999999998, 0, 10.113108]
[0.61291563999999998, 0.15322891, 10.113108]
[0.61291563999999998, 0, 10.113108]
[0.61291563999999998, 0, 10.113108]
[0.61291563999999998, 0, 10.266336000000001]
[0.61291563999999998, 0.15322891, 10.113108]
[0.61291563999999998, 0.15322891, 10.113108]
[0.61291563999999998, 0.15322891, 10.113108]
[0.61291563999999998, 0.15322891, 10.113108]
[0.61291563999999998, 0.15322891, 10.266336000000001]
[0.61291563999999998, 0, 10.113108]
[0.61291563999999998, 0, 10.113108]
[0.61291563999999998, 0, 10.113108]
[0.61291563999999998, 0.15322891, 10.113108]
[0.61291563999999998, 0, 10.113108]
[0.61291563999999998, 0.15322891, 10.113108]
[0.61291563999999998, 0, 10.113108]
[0.61291563999999998, 0, 10.113108]
[0.61291563999999998, 0, 10.113108]
[0.61291563999999998, 0, 10.113108]
[0.61291563999999998, 0.15322891, 10.113108]
[0.61291563999999998, 0, 10.266336000000001]
[0.61291563999999998, 0.15322891, 10.113108]
[0.61291563999999998, 0.15322891, 10.266336000000001]
[0.61291563999999998, 0, 10.113108]
[0.61291563999999998, 0.15322891, 10.113108]
[0.61291563999999998, 0.15322891, 10.113108]
[0.61291563999999998, 0.15322891, 10.113108]
