[None, None, None]
[None, None, None]
[None, None, None]
[0.30645781999999999, 1.3790601, 12.105083]
[0.45968672999999999, 1.3790601, 12.105083]
[0.45968672999999999, 1.0726024000000001, 10.726024000000001]
[0.76614450000000001, 1.0726024000000001, 9.3469639999999998]
[0.45968672999999999, 1.0726024000000001, 9.9598790000000008]
[0.15322891, 0.45968672999999999, 10.879251999999999]
[1.6855180000000001, 0.61291563999999998, 8.8872769999999992]
[1.6855180000000001, 0.61291563999999998, 10.113108]
[0.91937345000000004, 0.76614450000000001, 10.113108]
[1.8387469000000001, -0.45968672999999999, 9.8066499999999994]
[1.8387469000000001, 0.15322891, 9.9598790000000008]
[0.61291563999999998, 0.61291563999999998, 9.6534209999999998]
[1.8387469000000001, 1.532289, 9.5001929999999994]
[1.8387469000000001, 0.91937345000000004, 9.8066499999999994]
[1.532289, 2.1452048000000001, 10.879251999999999]
[1.532289, 3.064578, 8.8872769999999992]
[2.6048914999999999, 2.7581202999999999, 9.6534209999999998]
[1.9919758000000001, 1.6855180000000001, 9.5001929999999994]
[1.8387469000000001, 1.8387469000000001, 10.572794999999999]
[1.3790601, 0.91937345000000004, 10.726024000000001]
[2.2984334999999998, 2.1452048000000001, 9.6534209999999998]
[2.4516624999999999, 1.9919758000000001, 9.8066499999999994]
[1.9919758000000001, 1.8387469000000001, 9.8066499999999994]
[2.2984334999999998, 1.8387469000000001, 10.266336000000001]
[2.4516624999999999, 1.532289, 9.6534209999999998]
[2.4516624999999999, 1.3790601, 9.9598790000000008]
[2.2984334999999998, 1.3790601, 9.8066499999999994]
[2.4516624999999999, 1.6855180000000001, 9.9598790000000008]
[2.4516624999999999, 1.6855180000000001, 9.8066499999999994]
[2.6048914999999999, 1.9919758000000001, 9.6534209999999998]
[2.7581202999999999, 1.8387469000000001, 10.113108]
[2.6048914999999999, 1.6855180000000001, 9.9598790000000008]
[3.064578, 1.9919758000000001, 10.266336000000001]
[2.4516624999999999, 1.6855180000000001, 9.6534209999999998]
[2.2984334999999998, 1.8387469000000001, 9.6534209999999998]
[2.4516624999999999, 1.8387469000000001, 9.8066499999999994]
[2.6048914999999999, 1.8387469000000001, 9.9598790000000008]
[2.2984334999999998, 1.8387469000000001, 9.9598790000000008]
[2.4516624999999999, 1.8387469000000001, 9.8066499999999994]
[1.9919758000000001, 1.8387469000000001, 9.6534209999999998]
[2.1452048000000001, 2.1452048000000001, 9.5001929999999994]
[2.6048914999999999, 1.9919758000000001, 9.8066499999999994]
[2.2984334999999998, 2.2984334999999998, 9.6534209999999998]
[2.6048914999999999, 2.2984334999999998, 9.6534209999999998]
[2.4516624999999999, 2.1452048000000001, 9.5001929999999994]
[2.4516624999999999, 2.1452048000000001, 9.1937339999999992]
[2.6048914999999999, 2.1452048000000001, 9.9598790000000008]
[1.8387469000000001, 2.2984334999999998, 10.113108]
[2.1452048000000001, 2.1452048000000001, 9.5001929999999994]
[2.2984334999999998, 2.1452048000000001, 9.6534209999999998]
[2.4516624999999999, 1.8387469000000001, 9.9598790000000008]
[1.9919758000000001, 1.8387469000000001, 9.3469639999999998]
[2.6048914999999999, 1.6855180000000001, 10.113108]
[2.4516624999999999, 1.9919758000000001, 9.5001929999999994]
[2.1452048000000001, 1.6855180000000001, 9.8066499999999994]
[2.6048914999999999, 1.6855180000000001, 9.8066499999999994]
[2.4516624999999999, 1.6855180000000001, 9.8066499999999994]
[2.7581202999999999, 1.2258313000000001, 9.8066499999999994]
[2.6048914999999999, 1.532289, 9.9598790000000008]
[2.2984334999999998, 1.2258313000000001, 9.6534209999999998]
[2.2984334999999998, 1.3790601, 10.266336000000001]
[1.2258313000000001, 1.0726024000000001, 9.5001929999999994]
[-0.30645781999999999, 1.8387469000000001, 10.419566]
[0.15322891, 1.3790601, 9.5001929999999994]
[0.30645781999999999, 1.0726024000000001, 10.572794999999999]
[0.15322891, 0.91937345000000004, 8.8872769999999992]
[0, 0.30645781999999999, 10.266336000000001]
[1.6855180000000001, 1.2258313000000001, 11.645397000000001]
[1.8387469000000001, 1.0726024000000001, 10.572794999999999]
[0.45968672999999999, 1.8387469000000001, 10.572794999999999]
[1.0726024000000001, 1.6855180000000001, 9.9598790000000008]
[0.76614450000000001, 1.0726024000000001, 10.113108]
[0.45968672999999999, 0.91937345000000004, 9.5001929999999994]
[0.30645781999999999, 1.6855180000000001, 9.8066499999999994]
[0.61291563999999998, 2.1452048000000001, 9.0405049999999996]
[1.532289, 1.6855180000000001, 11.492167999999999]
[1.8387469000000001, 0.30645781999999999, 10.266336000000001]
[3.064578, -0.45968672999999999, 10.572794999999999]
[1.9919758000000001, 0.30645781999999999, 8.8872769999999992]
[2.4516624999999999, 1.532289, 10.572794999999999]
[2.7581202999999999, 1.3790601, 10.113108]
[2.9113492999999999, 0.45968672999999999, 9.3469639999999998]
[2.2984334999999998, 0.61291563999999998, 10.266336000000001]
[2.6048914999999999, 1.2258313000000001, 8.4275900000000004]
[3.3710360000000001, 1.9919758000000001, 10.266336000000001]
[1.9919758000000001, 2.1452048000000001, 10.419566]
[2.4516624999999999, 0.30645781999999999, 11.492167999999999]
[2.6048914999999999, 0.45968672999999999, 8.7340479999999996]
[3.064578, 0.91937345000000004, 8.8872769999999992]
[3.5242648000000001, 2.2984334999999998, 11.18571]
[1.9919758000000001, 1.0726024000000001, 11.032481000000001]
[0.15322891, 1.2258313000000001, 9.1937339999999992]
[1.6855180000000001, 2.4516624999999999, 7.5082164000000002]
[2.6048914999999999, 3.6774938000000001, 11.032481000000001]
[2.6048914999999999, 1.8387469000000001, 11.18571]
[2.4516624999999999, 0.30645781999999999, 10.572794999999999]
[1.2258313000000001, 0.45968672999999999, 8.4275900000000004]
