[None, None, None]
[None, None, None]
[None, None, None]
[None, None, None]
[None, None, None]
[1.2258313000000001, -2.1452048000000001, 9.9598790000000008]
[1.2258313000000001, -2.1452048000000001, 9.9598790000000008]
[1.2258313000000001, -2.1452048000000001, 9.9598790000000008]
[1.2258313000000001, -2.1452048000000001, 9.9598790000000008]
[1.2258313000000001, -2.1452048000000001, 9.9598790000000008]
[1.2258313000000001, -1.9919758000000001, 9.9598790000000008]
[1.2258313000000001, -2.1452048000000001, 9.9598790000000008]
[1.2258313000000001, -1.9919758000000001, 9.9598790000000008]
[1.2258313000000001, -1.9919758000000001, 9.9598790000000008]
[1.2258313000000001, -1.9919758000000001, 9.9598790000000008]
[1.2258313000000001, -2.1452048000000001, 9.9598790000000008]
[1.2258313000000001, -1.9919758000000001, 9.9598790000000008]
[1.2258313000000001, -1.9919758000000001, 9.9598790000000008]
[1.2258313000000001, -1.9919758000000001, 9.9598790000000008]
[1.2258313000000001, -1.9919758000000001, 9.9598790000000008]
[1.2258313000000001, -2.1452048000000001, 9.9598790000000008]
[1.2258313000000001, -1.9919758000000001, 9.9598790000000008]
[1.2258313000000001, -2.1452048000000001, 9.9598790000000008]
[1.2258313000000001, -2.1452048000000001, 9.9598790000000008]
[1.2258313000000001, -1.9919758000000001, 9.9598790000000008]
[1.2258313000000001, -1.9919758000000001, 9.9598790000000008]
[1.2258313000000001, -1.9919758000000001, 9.9598790000000008]
[1.2258313000000001, -1.9919758000000001, 9.9598790000000008]
[1.2258313000000001, -1.9919758000000001, 9.9598790000000008]
[1.2258313000000001, -1.9919758000000001, 9.9598790000000008]
[1.2258313000000001, -2.1452048000000001, 9.9598790000000008]
[1.2258313000000001, -1.9919758000000001, 9.9598790000000008]
[1.2258313000000001, -2.1452048000000001, 9.9598790000000008]
[1.2258313000000001, -2.1452048000000001, 9.9598790000000008]
[1.2258313000000001, -2.1452048000000001, 9.9598790000000008]
[1.2258313000000001, -1.9919758000000001, 9.9598790000000008]
[1.2258313000000001, -1.9919758000000001, 9.9598790000000008]
[1.2258313000000001, -1.9919758000000001, 9.9598790000000008]
[1.2258313000000001, -1.9919758000000001, 9.9598790000000008]
[1.2258313000000001, -2.1452048000000001, 9.9598790000000008]
[1.3790601, -2.1452048000000001, 9.9598790000000008]
[1.2258313000000001, -2.1452048000000001, 9.9598790000000008]
[1.2258313000000001, -1.9919758000000001, 9.9598790000000008]
[1.2258313000000001, -1.9919758000000001, 9.9598790000000008]
[1.2258313000000001, -1.9919758000000001, 9.9598790000000008]
[1.2258313000000001, -2.1452048000000001, 10.113108]
[1.2258313000000001, -1.9919758000000001, 9.9598790000000008]
[1.2258313000000001, -2.1452048000000001, 9.9598790000000008]
[1.2258313000000001, -1.9919758000000001, 9.9598790000000008]
[1.2258313000000001, -2.1452048000000001, 9.9598790000000008]
[1.2258313000000001, -1.9919758000000001, 9.9598790000000008]
[1.2258313000000001, -2.1452048000000001, 9.9598790000000008]
[1.2258313000000001, -2.1452048000000001, 9.9598790000000008]
[1.2258313000000001, -2.1452048000000001, 9.9598790000000008]
[1.2258313000000001, -2.1452048000000001, 9.9598790000000008]
[1.2258313000000001, -1.9919758000000001, 9.9598790000000008]
[1.2258313000000001, -2.1452048000000001, 9.9598790000000008]
[1.2258313000000001, -1.9919758000000001, 9.9598790000000008]
[1.2258313000000001, -2.1452048000000001, 9.9598790000000008]
[1.2258313000000001, -1.9919758000000001, 9.9598790000000008]
[1.2258313000000001, -1.9919758000000001, 9.9598790000000008]
[1.2258313000000001, -1.9919758000000001, 9.9598790000000008]
[1.2258313000000001, -1.9919758000000001, 9.9598790000000008]
[1.2258313000000001, -1.9919758000000001, 9.9598790000000008]
[1.2258313000000001, -1.9919758000000001, 9.9598790000000008]
[1.2258313000000001, -2.1452048000000001, 9.9598790000000008]
[1.3790601, -2.1452048000000001, 9.9598790000000008]
[1.2258313000000001, -1.9919758000000001, 9.9598790000000008]
[1.2258313000000001, -1.9919758000000001, 9.9598790000000008]
[1.3790601, -1.9919758000000001, 9.9598790000000008]
[1.2258313000000001, -1.9919758000000001, 9.9598790000000008]
[1.2258313000000001, -1.9919758000000001, 9.9598790000000008]
[1.2258313000000001, -1.9919758000000001, 9.9598790000000008]
[1.2258313000000001, -2.1452048000000001, 9.9598790000000008]
[1.2258313000000001, -2.1452048000000001, 9.9598790000000008]
[1.2258313000000001, -1.9919758000000001, 9.9598790000000008]
[1.2258313000000001, -1.9919758000000001, 9.9598790000000008]
[1.2258313000000001, -2.1452048000000001, 9.9598790000000008]
[1.2258313000000001, -2.1452048000000001, 9.9598790000000008]
[1.2258313000000001, -2.1452048000000001, 9.9598790000000008]
[1.2258313000000001, -1.9919758000000001, 9.9598790000000008]
[1.2258313000000001, -1.9919758000000001, 9.9598790000000008]
[1.2258313000000001, -1.9919758000000001, 9.9598790000000008]
[1.2258313000000001, -1.9919758000000001, 9.9598790000000008]
[1.2258313000000001, -1.9919758000000001, 9.9598790000000008]
[1.2258313000000001, -1.9919758000000001, 9.9598790000000008]
[0.91937345000000004, -1.8387469000000001, 9.9598790000000008]
[3.064578, -4.7500963, 10.113108]
[-6.129156, -8.2743610000000007, 14.250289]
[3.2178070000000001, -0.76614450000000001, 11.18571]
[2.1452048000000001, 1.0726024000000001, 6.129156]
[-0.45968672999999999, -0.76614450000000001, 7.3549876000000003]
[2.4516624999999999, 2.6048914999999999, 12.258312]
[0, 1.8387469000000001, 9.8066499999999994]
[1.532289, -0.45968672999999999, 9.1937339999999992]
[0.61291563999999998, 0.61291563999999998, 10.419566]
[-0.45968672999999999, 2.1452048000000001, 11.18571]
[-1.3790601, 1.6855180000000001, 9.9598790000000008]
[-1.3790601, 1.9919758000000001, 8.7340479999999996]
[-2.7581202999999999, 3.8307228000000002, 7.0485296000000002]
